基坐标到相机的变换（体轴ZYX欧拉角）：
平移分量 (mm):
tx = -29.569421
ty = -53.377836
tz = 23.028992

旋转分量 (度，体轴ZYX顺序):
rx = 0.862813
ry = -0.645147
rz = 2.917494
